# EIS effective area data for LW channel
# Filename: eis_eff_area_cont_lw_v1.txt
# DEM file used: flare_mcmc_calib0.dem
# ioneq file used: chianti_p1730.ioneq
# abund file used: sun_photospheric_fip_bias_0_57.abund
# Date written: Fri Apr 24 16:43:25 2026
# Prepared by Peter R. Young
      245.000    0.0093259
      246.000    0.0099660
      247.000    0.0106501
      248.000    0.0113832
      249.000    0.0121713
      250.000    0.0130208
      251.000    0.0139397
      252.000    0.0149368
      253.000    0.0160219
      254.000    0.0171977
      255.000    0.0184594
      256.000    0.0197986
      257.000    0.0212031
      258.000    0.0226565
      259.000    0.0241378
      260.000    0.0256245
      261.000    0.0271021
      262.000    0.0285572
      263.000    0.0299755
      264.000    0.0313424
      265.000    0.0326426
      266.000    0.0338582
      267.000    0.0349240
      268.000    0.0357308
      269.000    0.0361649
      270.000    0.0361178
      271.000    0.0354986
      272.000    0.0342470
      273.000    0.0323806
      274.000    0.0300627
      275.000    0.0274779
      276.000    0.0247904
      277.000    0.0221339
      278.000    0.0196082
      279.000    0.0172784
      280.000    0.0151529
      281.000    0.0132112
      282.000    0.0114379
      283.000    0.0098223
      284.000    0.0083569
      285.000    0.0070365
      286.000    0.0058600
      287.000    0.0048334
      288.000    0.0039555
      289.000    0.0032173
      290.000    0.0026057
      291.000    0.0021049
      292.000    0.0016990
