# EIS effective area data for SW channel
# Filename: eis_eff_area_cont_sw_v1.txt
# DEM file used: flare_mcmc_calib0.dem
# ioneq file used: chianti_p1730.ioneq
# abund file used: sun_photospheric_fip_bias_0_57.abund
# Date written: Fri Apr 24 16:43:25 2026
# Prepared by Peter R. Young
      165.000    0.0000000
      166.000    0.0000000
      167.000    0.0000000
      168.000    0.0000000
      169.000    0.0000000
      170.000    0.0000000
      171.000    0.0000727
      172.000    0.0001130
      173.000    0.0001779
      174.000    0.0002876
      175.000    0.0004799
      176.000    0.0008171
      177.000    0.0014009
      178.000    0.0023761
      179.000    0.0038993
      180.000    0.0060788
      181.000    0.0091058
      182.000    0.0134386
      183.000    0.0198449
      184.000    0.0288355
      185.000    0.0402745
      186.000    0.0533769
      187.000    0.0673825
      188.000    0.0814878
      189.000    0.0955675
      190.000    0.1106065
      191.000    0.1280938
      192.000    0.1470223
      193.000    0.1641466
      194.000    0.1762356
      195.000    0.1836116
      196.000    0.1879257
      197.000    0.1880946
      198.000    0.1790983
      199.000    0.1577907
      200.000    0.1274920
      201.000    0.0948489
      202.000    0.0657558
      203.000    0.0447781
      204.000    0.0319927
      205.000    0.0248780
      206.000    0.0203604
      207.000    0.0167969
      208.000    0.0136999
      209.000    0.0111412
      210.000    0.0091180
      211.000    0.0075182
      212.000    0.0062227
      213.000    0.0051511
