    247.2341      0.0009   8.496e+03   1.762e+02      0.1162      0.0021  2.5989e+03  5.3891e+01    246.6584    247.6831  1.6923e+03  7.9757e+01  2.4772e+03  7.4579e+01
    251.9774      0.0008   4.884e+03   1.307e+02      0.0798      0.0018  1.0844e+03  2.9027e+01    251.6254    252.7612  2.0893e+03  6.6348e+01  2.2850e+03  9.8817e+01
    252.2225      0.0009   4.202e+03   1.165e+02      0.0813      0.0019  9.5649e+02  2.6510e+01    251.6254    252.7612  2.0893e+03  6.6348e+01  2.2850e+03  9.8817e+01
    253.2008      0.0010   4.666e+03   1.058e+02      0.1106      0.0021  1.4731e+03  3.3404e+01    252.8725    253.5629  2.0833e+03  6.8289e+01  2.1975e+03  6.7487e+01
    254.9084      0.0006   8.919e+03   1.356e+02      0.1006      0.0015  2.6168e+03  3.9784e+01    254.6985    255.4111  3.2738e+03  1.0537e+02  4.9048e+03  1.1217e+02
    255.1344      0.0002   5.545e+04   2.701e+02      0.1232      0.0004  1.9966e+04  9.7276e+01    254.6985    255.4111  3.2738e+03  1.0537e+02  4.9048e+03  1.1217e+02
    258.3992      0.0007   4.528e+03   9.033e+01      0.0838      0.0015  1.1247e+03  2.2433e+01    258.1719    258.6171  2.7591e+03  7.9761e+01  2.2068e+03  7.6355e+01
    259.3069      0.0016   1.790e+03   5.811e+01      0.1146      0.0038  6.0986e+02  2.0136e+01    258.9065    260.1532  2.1491e+03  4.6133e+01  2.2971e+03  7.0714e+01
    259.5137      0.0031   7.626e+02   4.731e+01      0.1115      0.0075  2.5305e+02  1.7021e+01    258.9065    260.1532  2.1491e+03  4.6133e+01  2.2971e+03  7.0714e+01
    259.7303      0.0020   1.199e+03   5.470e+01      0.1071      0.0050  3.8254e+02  1.7810e+01    258.9065    260.1532  2.1491e+03  4.6133e+01  2.2971e+03  7.0714e+01
    259.9867      0.0059   3.083e+02   4.515e+01      0.0869      0.0159  7.9952e+01  1.4663e+01    258.9065    260.1532  2.1491e+03  4.6133e+01  2.2971e+03  7.0714e+01
    261.0843      0.0015   1.330e+03   5.709e+01      0.0795      0.0036  3.1789e+02  1.4215e+01    260.8432    261.3329  2.2632e+03  6.7624e+01  2.5356e+03  6.4168e+01
    263.0097      0.0001   4.880e+04   2.117e+02      0.0888      0.0003  1.3236e+04  5.7424e+01    262.7797    263.2249  3.3922e+03  7.9722e+01  3.0490e+03  7.5381e+01
    263.7832      0.0002   2.516e+04   1.594e+02      0.1230      0.0005  9.5312e+03  6.0399e+01    263.4029    264.1596  3.0694e+03  5.5962e+01  2.7696e+03  5.2838e+01
    264.8138      0.0002   1.757e+04   1.332e+02      0.0812      0.0005  4.4359e+03  3.3629e+01    264.4935    265.2946  2.7312e+03  4.9694e+01  2.3377e+03  5.3072e+01
    265.0356      0.0006   4.436e+03   7.169e+01      0.0921      0.0014  1.2721e+03  2.0559e+01    264.4935    265.2946  2.7312e+03  4.9694e+01  2.3377e+03  5.3072e+01
    269.4427      0.0006   3.667e+03   6.175e+01      0.0979      0.0015  1.1623e+03  1.9575e+01    269.1220    269.7005  2.5706e+03  5.8336e+01  2.5298e+03  5.5578e+01
    270.5435      0.0010   6.700e+03   4.527e+02      0.0864      0.0008  1.9056e+03  9.1997e+01    270.0120    274.9950  2.4264e+03  2.4121e+01  2.2100e+03  2.3754e+01
    270.6142      0.0062   3.132e+03   1.665e+02      0.1232      0.0089  1.2724e+03  8.0556e+01    270.0120    274.9950  2.4264e+03  2.4121e+01  2.2100e+03  2.3754e+01
    274.2264      0.0004   7.282e+03   7.979e+01      0.0864      0.0008  2.3036e+03  2.3891e+01    270.0120    274.9950  2.4264e+03  2.4121e+01  2.2100e+03  2.3754e+01
    275.4049      0.0045   3.117e+02   3.395e+01      0.0911      0.0115  1.0883e+02  1.3722e+01    275.1730    275.8402  2.3370e+03  6.1967e+01  2.2898e+03  6.1647e+01
    275.5816      0.0013   1.441e+03   4.518e+01      0.1015      0.0031  5.6494e+02  1.7714e+01    275.1730    275.8402  2.3370e+03  6.1967e+01  2.2898e+03  6.1647e+01
    284.1900      0.0002   6.927e+04   3.521e+02      0.0972      0.0004  3.5832e+04  1.8211e+02    283.7122    284.5347  2.5967e+03  1.0461e+02  2.4462e+03  9.9133e+01
